'DG': [
        ((45, 1), (45, 2)),     # Top Outer Edge

        ((37, 41), (36, 41))    # Left Inner Edge
      ],

'KV': [((51, 1), (51, 2)), ((63, 37), (63, 36))],

'PX': [((55, 1), (55, 2)), ((93, 77), (94, 77))],

'AF': [((59, 1), (59, 2)), ((81, 37), (81, 36))],

'LN': [((67, 1), (67, 2)), ((37, 65), (36, 65))],

'CD': [((77, 1), (77, 2)), ((41, 93), (41, 94))],

'OV': [((83, 1), (83, 2)), ((93, 45), (94, 45))],

'CQ': [((45, 37), (45, 36)), ((41, 129), (41, 128))],

'JS': [((51, 37), (51, 36)), ((129, 83), (128, 83))],

'JV': [((57, 37), (57, 36)), ((1, 53), (2, 53))],

'CS': [((71, 37), (71, 36)), ((1, 79), (2, 79))],

'BM': [((77, 37), (77, 36)), ((129, 63), (128, 63))],

'KS': [((1, 45), (2, 45)), ((79, 93), (79, 94))],

'AA': [((129, 45), (128, 45))],

'MN': [((37, 47), (36, 47)), ((1, 71), (2, 71))],

'ET': [((129, 47), (128, 47)), ((37, 89), (36, 89))],

'FQ': [((93, 49), (94, 49)), ((55, 129), (55, 128))],

'IJ': [((129, 49), (128, 49)), ((85, 93), (85, 94))],

'CT': [((1, 55), (2, 55)), ((75, 93), (75, 94))],

'JK': [((37, 57), (36, 57)), ((83, 129), (83, 128))],

'FI': [((93, 59), (94, 59)), ((129, 67), (128, 67))],

'CO': [((93, 67), (94, 67)), ((53, 129), (53, 128))],

'KT': [((1, 69), (2, 69)), ((93, 83), (94, 83))],

'IS': [((37, 71), (36, 71)), ((69, 129), (69, 128))],

'FO': [((129, 77), (128, 77)), ((57, 93), (57, 94))],

'PV': [((37, 79), (36, 79)), ((73, 129), (73, 128))],

'BV': [((1, 89), (2, 89)), ((69, 93), (69, 94))],

'GM': [((51, 93), (51, 94)), ((85, 129), (85, 128))],

'ZZ': [((81, 129), (81, 128))]
